[1.52406084 3.07616862 1.        ]
[1.62117999 2.94151192 1.        ]
[2.39208422 2.75573055 1.        ]
[2.3551971  3.20516918 1.        ]
[2.22032877 4.49628418 0.        ]
[2.26129937 4.54493256 0.        ]
[2.19661915 4.62120252 0.        ]
[2.53563994 4.45410861 0.        ]
[2.51014472 4.52989146 0.        ]
[1.12857813 6.0652239  1.        ]
[1.09097382 6.00511474 1.        ]
[0.97142268 6.01431147 1.        ]
[3.50969045 2.41774875 1.        ]
[3.48956145 2.41974523 1.        ]
[3.47215329 2.6194897  1.        ]
[3.35702297 2.65388839 1.        ]
[3.348483   2.65795922 1.        ]
[2.8724625  4.36315875 0.        ]
[2.82771795 4.34503479 0.        ]
[2.78756016 4.39285919 0.        ]
[2.72551071 4.4137009  0.        ]
[2.68041997 4.39369721 0.        ]
[2.83581404 4.3767571  0.        ]
[2.82725783 4.34823284 0.        ]
[3.07389171 4.54554983 0.        ]
[3.07619155 4.53886494 0.        ]
[3.11507396 4.49671074 0.        ]
[2.9556388  4.49052971 0.        ]
[3.15221512 4.50078811 0.        ]
[3.16558887 4.44916674 0.        ]
[3.21224344 4.50505771 0.        ]
[3.25604459 4.32381921 0.        ]
[3.15009659 4.38638558 0.        ]
[3.13438023 4.54548481 0.        ]
[3.23419141 4.41056072 0.        ]
[3.2596996  4.34719901 0.        ]
[3.26470951 4.4524559  0.        ]
[3.61708699 3.97399565 0.        ]
[3.50119175 4.01515807 0.        ]
[3.69211331 4.00795495 0.        ]
[3.51087339 3.99085048 0.        ]
[3.74655073 4.01676097 0.        ]
[3.55164737 3.8839339  0.        ]
[3.51557471 4.64478781 0.        ]
[3.51323311 4.42895942 0.        ]
[3.60391094 4.34502606 0.        ]
[3.56154298 4.59300402 0.        ]
[3.55585502 4.46399092 0.        ]
[3.53279291 4.63242845 0.        ]
[3.48177548 4.47924748 0.        ]
[3.45960489 4.412912   0.        ]
[3.49656037 4.40468632 0.        ]
[3.46060464 4.34621293 0.        ]
[3.53153342 4.65495403 0.        ]
[3.58484324 4.55717005 0.        ]
[3.5202857  4.33285347 0.        ]
[3.60486199 4.24677815 0.        ]
[3.55624141 4.27826985 0.        ]
[3.52186063 4.58275621 0.        ]
[3.60796152 4.68008452 0.        ]
[3.54546094 4.29922851 0.        ]
[3.48420338 4.67036052 0.        ]
[3.56017408 4.5144574  0.        ]
[3.54526291 4.30934928 0.        ]
[3.45716001 4.50175971 0.        ]
[3.49570197 4.48023167 0.        ]
[3.44964909 4.46364931 0.        ]
[3.47230525 4.54787313 0.        ]
[3.57614443 4.48696123 0.        ]
[3.55674015 4.59271003 0.        ]
[3.50877476 4.64799459 0.        ]
[3.5963915  4.35544877 0.        ]
[3.46454557 4.37752278 0.        ]
[3.48089685 4.68602207 0.        ]
[3.56213256 4.46566122 0.        ]
[3.58688081 4.27270622 0.        ]
[3.51984316 4.43682976 0.        ]
[3.59201438 4.50403441 0.        ]
[3.59781968 4.6843044  0.        ]
[3.4686382  4.57280549 0.        ]
[3.52272766 4.48088069 0.        ]
[3.45230028 4.36844447 0.        ]
[3.53826857 4.86688672 0.        ]
[3.48270853 4.85429307 0.        ]
[3.78213787 4.83844782 0.        ]
[3.54285105 4.90341639 0.        ]
[3.5710941  4.89294483 0.        ]
[3.39894777 4.89646258 0.        ]
[3.44487733 4.9658018  0.        ]
[3.49128434 4.97209047 0.        ]
[3.48254957 4.97754303 0.        ]
[3.63233587 5.00117899 0.        ]
[3.64484181 4.9110169  0.        ]
[3.51663611 4.86114714 0.        ]
[3.6394438  4.84445363 0.        ]
[3.93229356 4.57810245 0.        ]
[3.96809286 4.59877365 0.        ]
[4.00945119 4.49625298 0.        ]
[3.87497448 4.56402028 0.        ]
[3.98055223 4.53521003 0.        ]
[3.81278303 4.50012811 0.        ]
[4.03187406 4.49465596 0.        ]
[3.96118919 4.52511315 0.        ]
[3.87332157 4.47550343 0.        ]
[3.85971018 4.61047748 0.        ]
[3.87044955 4.47241128 0.        ]
[4.00959379 4.59154284 0.        ]
[3.80356258 4.59895936 0.        ]
[3.83188681 4.58187858 0.        ]
[4.29919665 4.49399625 0.        ]
[4.08633321 4.49658877 0.        ]
[4.32226906 4.43588035 0.        ]
[4.20493882 4.48733216 0.        ]
[4.13901156 4.51069225 0.        ]
[4.23102551 4.53425107 0.        ]
[4.24018003 4.48468291 0.        ]
[4.22821583 4.45101985 0.        ]
[2.8342304  6.56857384 1.        ]
[3.5849217  6.57845326 1.        ]
[3.53146489 6.6247842  1.        ]
[6.07184823 2.75952926 1.        ]
[5.86140922 2.81417281 1.        ]
[4.71462126 4.46555937 0.        ]
[4.76297606 4.44144498 0.        ]
[5.09276663 4.47889712 0.        ]
[5.07763451 4.4791524  0.        ]
[5.21440632 4.51939203 0.        ]
[5.91276726 4.65908859 1.        ]
[5.98931404 4.64753678 1.        ]
[5.98559064 4.5464782  1.        ]
[6.06935345 5.63243448 1.        ]
[6.15999603 6.03228939 1.        ]
[5.90994106 5.93484612 1.        ]
